source,target,weights
0,0,0.0
0,20,1.0001878004846343
0,79,1.0019583491200088
0,56,1.0051961101112792
0,25,1.005535886009219
0,48,1.0057890932327198
0,64,1.0057890932327198
0,74,1.0057890932327198
1,1,0.0
1,24,1.0
1,31,1.0
1,37,1.0
1,39,1.0
1,48,1.0005417671620014
1,64,1.0005417671620014
1,74,1.0005417671620014
2,2,0.0
2,17,1.0052510467715894
2,104,1.0073627141050248
2,53,1.0117471860193914
2,73,1.013899566191824
2,22,1.0168047163254579
2,55,1.0178121164866418
2,44,1.0182297741922066
3,3,0.0
3,62,1.0110376553635476
3,58,1.0138742810287666
3,25,1.0154131949661513
3,70,1.0174082675850515
3,56,1.0174497614871885
3,73,1.0208462951421604
3,51,1.0211880493210093
4,4,0.0
4,26,1.0001878004846343
4,13,1.0009818775399089
4,34,1.0009818775399089
4,63,1.0010175666697323
4,65,1.001323785085825
4,11,1.0015732568632498
4,36,1.0024945409067527
5,5,0.0
5,49,1.0114887133752244
5,75,1.012635312291315
5,26,1.0182950116794822
5,55,1.0210918421917308
5,65,1.023646105170413
5,63,1.02386178534068
5,13,1.0244216743421728
6,6,0.0
6,49,1.0120263034329502
6,90,1.01596744259821
6,55,1.0167222975362726
6,75,1.0201865599023912
6,52,1.0215874171234705
6,26,1.0226543708146374
6,53,1.0247370654159036
7,7,0.0
7,44,0.15060647649574602
7,70,0.15870202210563236
7,106,0.161506654244153
7,82,0.16172609345242
7,16,0.16682187918771302
7,73,0.1840464616135882
7,101,0.1897892259566677
8,8,0.0
8,77,0.02710238851724781
8,22,0.0394101748007934
8,81,0.06037603170898279
8,108,0.10118415587736222
8,79,0.10974029352610619
8,36,0.10994169888721064
8,55,0.11304866985311517
9,9,0.0
9,47,0.18087944169061082
9,58,0.2029261562392191
9,21,0.21567601373501938
9,73,0.2159701090958385
9,80,0.23052156600798893
9,106,0.2362265741608993
9,99,0.24012536630301723
10,10,0.0
10,54,0.039187540666122254
10,83,0.1827435783738203
10,94,0.1827435783738203
10,99,0.1827435783738203
10,51,0.18996075221427244
10,52,0.19659581263488096
10,82,0.20032215678531518
11,11,0.0
11,65,0.01820576623353238
11,34,0.02299526733492872
11,13,0.02299526733492874
11,63,0.037545641161950465
11,36,0.039233088236657804
11,26,0.052107407050841735
11,81,0.0790548905650656
12,12,0.0
12,19,4.1471139848547707e-16
12,83,0.06294694908308106
12,94,0.06294694908308106
12,99,0.06294694908308109
12,21,0.08994555198404873
12,54,0.2056783855909151
12,10,0.2330902386030786
13,13,0.0
13,34,9.89431758764503e-17
13,63,0.019381337371052944
13,11,0.02299526733492874
13,65,0.028992606045537724
13,36,0.03941017480079333
13,26,0.0451239269278731
13,81,0.08778804218035614
14,14,0.0
14,109,0.1061974787160677
14,38,0.13387881035297444
14,46,0.1755669511055951
14,25,0.22186216752279864
14,58,0.22379136675865563
14,62,0.2239828998558366
14,20,0.22630218276034386
15,15,0.0
15,23,0.18671653121171836
15,86,0.3728693743108247
15,87,0.37631197450468706
15,52,0.38251865027651993
15,50,0.3897209685640608
15,93,0.39231869175911127
15,61,0.3924398864321329
16,16,0.0
16,44,0.16673936967752662
16,7,0.16682187918771302
16,82,0.17403803244722846
16,70,0.19679089666271693
16,28,0.1977228418381471
16,43,0.21123397189404236
16,29,0.21123397189404242
17,17,0.0
17,85,0.12567329489215506
17,110,0.12567329489215506
17,53,0.12807523402516624
17,24,0.12860903734672058
17,39,0.1286090373467206
17,31,0.12860903734672066
17,37,0.12860903734672066
18,18,0.0
18,63,0.13449677500031149
18,53,0.13571045763944775
18,28,0.14429953940909682
18,13,0.15041485754522252
18,34,0.15041485754522257
18,102,0.1523705115221148
18,36,0.15933434745415326
19,19,0.0
19,12,4.1471139848547707e-16
19,83,0.06294694908308111
19,94,0.06294694908308111
19,99,0.06294694908308114
19,21,0.08994555198404876
19,54,0.20567838559091517
19,10,0.23309023860307862
20,20,0.0
20,79,0.06735004427205839
20,25,0.09867439441900552
20,56,0.10722815385463094
20,48,0.11080693509647545
20,64,0.11080693509647545
20,74,0.11080693509647545
20,98,0.11080693509647545
21,21,0.0
21,12,0.08994555198404873
21,19,0.08994555198404876
21,83,0.09593853430903523
21,94,0.09593853430903523
21,99,0.09593853430903526
21,9,0.21567601373501938
21,42,0.21845800352924433
22,22,0.0
22,77,0.03591505185010499
22,8,0.0394101748007934
22,81,0.06354324228209869
22,55,0.0893835404096891
22,65,0.10006080035514392
22,11,0.1018183660511652
22,72,0.10469945726247626
23,23,0.0
23,15,0.18671653121171836
23,52,0.2191690806978486
23,93,0.22121260611472993
23,86,0.23178132147641162
23,40,0.241834866138531
23,10,0.24697248419928175
23,51,0.2506503937749425
24,24,0.0
24,39,2.1364758832798e-16
24,37,2.2589570169888574e-16
24,31,4.540180970083051e-16
24,48,0.03292154060277862
24,64,0.03292154060277862
24,74,0.03292154060277862
24,98,0.03292154060277862
25,25,0.0
25,56,0.09466884605335846
25,20,0.09867439441900552
25,46,0.10789772358657682
25,79,0.10896287839350681
25,89,0.12634956986558193
25,58,0.12717209250395597
25,70,0.12842671658950505
26,26,0.0
26,65,0.04279789567276554
26,34,0.04512392692787306
26,13,0.0451239269278731
26,11,0.052107407050841735
26,63,0.05346859710188982
26,36,0.07088890722002206
26,49,0.07495197017570339
27,27,0.0
27,57,0.17840348858888044
27,100,0.17840348858888044
27,40,0.18423483973098537
27,33,0.18887645704341421
27,45,0.21274165251700536
27,71,0.21636791453353832
27,61,0.23053827813002165
28,28,0.0
28,18,0.14429953940909682
28,80,0.1586927918377923
28,50,0.16610727470978215
28,70,0.19689466024820979
28,16,0.1977228418381471
28,44,0.20043513867519644
28,102,0.20080210832045428
29,29,0.0
29,97,2.0280690662504545e-16
29,43,2.598381835160588e-16
29,82,0.11938085508769196
29,16,0.21123397189404242
29,44,0.2317193804563223
29,7,0.24292514564637158
29,70,0.2442169868792949
30,30,0.0
30,57,0.14933819077935376
30,100,0.14933819077935379
30,33,0.16866387751324824
30,67,0.20463785468085793
30,88,0.23277675928167557
30,68,0.25273333618872296
30,40,0.2625788232534649
31,31,0.0
31,39,2.482322013579386e-16
31,37,2.943437777069759e-16
31,24,4.540180970083051e-16
31,48,0.03292154060277862
31,64,0.03292154060277862
31,74,0.03292154060277862
31,98,0.03292154060277862
32,32,0.0
32,71,0.11252006978874328
32,69,0.13900620649293624
32,72,0.1431553640141541
32,78,0.14709168967452957
32,42,0.15115008092310664
32,35,0.15142836754442537
32,84,0.1518853223413344
33,33,0.0
33,57,0.09593853430903526
33,100,0.09593853430903528
33,67,0.12910960591536022
33,30,0.16866387751324824
33,88,0.18159015266402334
33,27,0.18887645704341421
33,40,0.20204381609407066
34,34,0.0
34,13,9.89431758764503e-17
34,63,0.019381337371053024
34,11,0.02299526733492872
34,65,0.028992606045537654
34,36,0.039410174800793354
34,26,0.04512392692787306
34,81,0.0877880421803561
35,35,0.0
35,60,0.09593853430903525
35,72,0.11465307493791047
35,84,0.1309718490525
35,92,0.13972655336727383
35,32,0.15142836754442537
35,61,0.1651457682758427
35,42,0.16705126808616425
36,36,0.0
36,11,0.039233088236657804
36,13,0.03941017480079333
36,34,0.039410174800793354
36,63,0.044388231719487484
36,65,0.045436647587840315
36,26,0.07088890722002206
36,81,0.07525283627028898
37,37,0.0
37,39,1.4285950748700099e-16
37,24,2.2589570169888574e-16
37,31,2.943437777069759e-16
37,48,0.032921540602778555
37,64,0.032921540602778555
37,74,0.032921540602778555
37,98,0.03292154060277856
38,38,0.0
38,14,0.13387881035297444
38,109,0.17615376791236012
38,62,0.2880235744854614
38,46,0.29877649201950196
38,41,0.3158898880098653
38,58,0.31767954665269355
38,20,0.3247257760183461
39,39,0.0
39,37,1.4285950748700099e-16
39,24,2.1364758832798e-16
39,31,2.482322013579386e-16
39,48,0.032921540602778604
39,64,0.032921540602778604
39,74,0.032921540602778604
39,98,0.032921540602778604
40,40,0.0
40,26,0.10447888044677643
40,63,0.11698427476582236
40,11,0.11887157043493214
40,13,0.118897926749765
40,34,0.11889792674976501
40,65,0.122614486020112
40,52,0.12305352693244014
41,41,0.0
41,87,0.15244687512453733
41,93,0.20347811624207468
41,66,0.20836086280359487
41,95,0.2117956157767633
41,78,0.24884157733972836
41,69,0.2571206803244716
41,46,0.25768421018778553
42,42,0.0
42,84,0.07648150974603207
42,45,0.09438247730179954
42,72,0.09753566572513879
42,101,0.11441801244203528
42,77,0.14336090601770457
42,11,0.14556381968075718
42,78,0.14721424649972764
43,43,0.0
43,97,1.4288057044435644e-16
43,29,2.598381835160588e-16
43,82,0.11938085508769203
43,16,0.21123397189404236
43,44,0.23171938045632234
43,7,0.24292514564637158
43,70,0.24421698687929497
44,44,0.0
44,70,0.05342732662590528
44,89,0.09906404088446295
44,93,0.13766393211811642
44,7,0.15060647649574602
44,98,0.1523546600247216
44,48,0.15235466002472162
44,64,0.15235466002472162
45,45,0.0
45,42,0.09438247730179954
45,11,0.10625332864135378
45,65,0.10937586552007315
45,36,0.11499214637929275
45,81,0.11781845368914624
45,34,0.12616445924303413
45,13,0.12616445924303415
46,46,0.0
46,25,0.10789772358657682
46,20,0.15155679597878147
46,14,0.1755669511055951
46,45,0.17859961618276723
46,47,0.1826806380701505
46,58,0.1838312533398829
46,79,0.1855139336666211
47,47,0.0
47,58,0.09593853430903532
47,25,0.1590016024488518
47,9,0.18087944169061082
47,46,0.1826806380701505
47,56,0.18924643228506458
47,109,0.19531436507405162
47,8,0.19779716647883455
48,48,0.0
48,64,0.0
48,74,0.0
48,98,1.5993360207877823e-17
48,85,0.03228579194361816
48,110,0.032285791943618164
48,37,0.032921540602778555
48,39,0.032921540602778604
49,49,0.0
49,26,0.07495197017570339
49,55,0.07497547062186315
49,65,0.08984080846170009
49,34,0.09962370923816555
49,13,0.09962370923816562
49,11,0.10548135874840665
49,63,0.10727247223214902
50,50,0.0
50,18,0.16557749480971465
50,28,0.16610727470978215
50,44,0.17180542196611026
50,70,0.17200935335638656
50,102,0.17497991970342522
50,53,0.20549628827838523
50,89,0.2087115473313958
51,51,0.0
51,62,0.1535214734416967
51,53,0.16046730082513724
51,52,0.16077546974335064
51,56,0.1681470468041656
51,54,0.17658381529115214
51,10,0.18996075221427244
51,70,0.1951834886846238
52,52,0.0
52,53,0.11935492087201409
52,26,0.11952499640224631
52,40,0.12305352693244014
52,34,0.12738263994290058
52,13,0.1273826399429006
52,63,0.13035979478933976
52,65,0.1347369556556862
53,53,0.0
53,56,0.07591534344456868
53,34,0.10687772605755123
53,13,0.10687772605755128
53,63,0.10779179169736436
53,36,0.11127226632889617
53,65,0.11924504843552963
53,52,0.11935492087201409
54,54,0.0
54,10,0.039187540666122254
54,83,0.15512482814526166
54,94,0.15512482814526166
54,99,0.15512482814526166
54,51,0.17658381529115214
54,52,0.19651428292101702
54,82,0.20412448807087186
55,55,0.0
55,49,0.07497547062186315
55,81,0.08699636846186537
55,22,0.0893835404096891
55,65,0.10842970173439834
55,8,0.11304866985311517
55,34,0.11928447754700154
55,13,0.11928447754700161
56,56,0.0
56,53,0.07591534344456868
56,25,0.09466884605335846
56,79,0.1046005128014269
56,20,0.10722815385463094
56,36,0.11721673383986574
56,58,0.1252834343807914
56,93,0.125665767196293
57,57,0.0
57,100,8.15873481018251e-17
57,33,0.09593853430903526
57,67,0.14259717405784905
57,30,0.14933819077935376
57,40,0.17436761602570872
57,27,0.17840348858888044
57,96,0.21153265086932002
58,58,0.0
58,47,0.09593853430903532
58,56,0.1252834343807914
58,25,0.12717209250395597
58,62,0.14868857410146885
58,109,0.15663503733439804
58,20,0.16255508505610802
58,79,0.18037246969721266
59,59,0.0
59,68,0.16456325195269264
59,30,0.33213938810996174
59,50,0.33663967036448267
59,28,0.36874969543556535
59,102,0.38579607288958656
59,18,0.39550160144941726
59,16,0.4090695288329102
60,60,0.0
60,35,0.09593853430903525
60,86,0.1107690489781579
60,61,0.12967726493305096
60,72,0.13225234270790892
60,52,0.15568516621781758
60,92,0.1593613500712179
60,84,0.16488961147003262
61,61,0.0
61,60,0.12967726493305096
61,86,0.1309115611552729
61,71,0.13186118869824284
61,40,0.13591688810937289
61,35,0.1651457682758427
61,92,0.16563810175246158
61,52,0.18407910200275265
62,62,0.0
62,58,0.14868857410146885
62,56,0.15154734350446322
62,51,0.1535214734416967
62,67,0.17040065322830297
62,25,0.19028934467360095
62,109,0.1946847981538374
62,70,0.20393712856449514
63,63,0.0
63,13,0.019381337371052944
63,34,0.019381337371053024
63,11,0.037545641161950465
63,36,0.044388231719487484
63,65,0.04588376364532159
63,26,0.05346859710188982
63,81,0.10154073229957843
64,64,0.0
64,48,0.0
64,74,0.0
64,98,1.5993360207877823e-17
64,85,0.03228579194361816
64,110,0.032285791943618164
64,37,0.032921540602778555
64,39,0.032921540602778604
65,65,0.0
65,11,0.01820576623353238
65,34,0.028992606045537654
65,13,0.028992606045537724
65,26,0.04279789567276554
65,36,0.045436647587840315
65,63,0.04588376364532159
65,81,0.07078604346594483
66,66,0.0
66,101,0.20351020684131807
66,41,0.20836086280359487
66,10,0.21220612803890723
66,54,0.21704667406109396
66,111,0.22391955914417935
66,73,0.22638519615359515
66,93,0.22675531484181888
67,67,0.0
67,33,0.12910960591536022
67,57,0.14259717405784905
67,100,0.1425971740578491
67,62,0.17040065322830297
67,88,0.17059655248790054
67,36,0.18128805752829036
67,63,0.19770751180188645
68,68,0.0
68,59,0.16456325195269264
68,28,0.24496178602200006
68,50,0.2513434621702543
68,30,0.25273333618872296
68,102,0.25763563058705513
68,88,0.2730286302631032
68,18,0.27620517520802446
69,69,0.0
69,48,0.11201845530378654
69,64,0.11201845530378654
69,74,0.11201845530378654
69,98,0.11201845530378655
69,85,0.12004649306216611
69,110,0.12004649306216611
69,37,0.12667159859886662
70,70,0.0
70,44,0.05342732662590528
70,89,0.10805554568547344
70,93,0.11080200408271684
70,56,0.12778908377313136
70,25,0.12842671658950505
70,53,0.14170482555395827
70,106,0.15034903795952473
71,71,0.0
71,32,0.11252006978874328
71,61,0.13186118869824284
71,88,0.15746165935765982
71,92,0.15837375074752702
71,84,0.17902951253469282
71,40,0.17904114778841418
71,35,0.18035718650322133
72,72,0.0
72,11,0.0973867242169215
72,42,0.09753566572513879
72,65,0.09822008405310755
72,84,0.09993867496056472
72,22,0.10469945726247626
72,34,0.10979659206159477
72,13,0.10979659206159484
73,73,0.0
73,106,0.07571725352408981
73,80,0.12122689769801485
73,25,0.13428699072255323
73,101,0.14462752986239719
73,77,0.15322505079877266
73,17,0.1554389022161258
73,8,0.15738757230099265
74,74,0.0
74,48,0.0
74,64,0.0
74,98,1.5993360207877823e-17
74,85,0.03228579194361816
74,110,0.032285791943618164
74,37,0.032921540602778555
74,39,0.032921540602778604
75,75,0.0
75,49,0.2872846782491805
75,96,0.305184238236379
75,105,0.3268615021143796
75,26,0.3282841671500133
75,90,0.33241093742193556
75,52,0.33586094270404704
75,55,0.3375358044146501
76,76,0.0
76,91,0.1479402600178244
76,78,0.2810347860400166
76,95,0.3000678157921694
76,111,0.3606835604131667
76,84,0.3624684410683723
76,69,0.36275357345933396
76,41,0.37413400691770693
77,77,0.0
77,8,0.02710238851724781
77,22,0.03591505185010499
77,81,0.07491168997549504
77,108,0.09362060152933746
77,79,0.11575085536768384
77,11,0.11661367737684136
77,65,0.11751024220270144
78,78,0.0
78,69,0.13535518063937194
78,101,0.1419107980731448
78,32,0.14709168967452957
78,42,0.14721424649972764
78,84,0.15085843981980954
78,95,0.15119935686240163
78,91,0.152541802804698
79,79,0.0
79,48,0.0544683106936552
79,64,0.0544683106936552
79,74,0.0544683106936552
79,98,0.0544683106936552
79,31,0.06571540223651834
79,39,0.06571540223651837
79,37,0.06571540223651838
80,80,0.0
80,106,0.08511509158050821
80,73,0.12122689769801485
80,70,0.15682308459537714
80,28,0.1586927918377923
80,25,0.17407658331005665
80,44,0.1843332668845873
80,101,0.19049004448416423
81,81,0.0
81,8,0.06037603170898279
81,22,0.06354324228209869
81,65,0.07078604346594483
81,77,0.07491168997549504
81,36,0.07525283627028898
81,11,0.0790548905650656
81,55,0.08699636846186537
82,82,0.0
82,29,0.11938085508769196
82,97,0.11938085508769199
82,43,0.11938085508769203
82,7,0.16172609345242
82,44,0.17202200529161576
82,16,0.17403803244722846
82,70,0.17658826673033548
83,83,0.0
83,94,0.0
83,99,4.757065991401635e-17
83,12,0.06294694908308106
83,19,0.06294694908308111
83,21,0.09593853430903523
83,54,0.15512482814526166
83,10,0.1827435783738203
84,84,0.0
84,42,0.07648150974603207
84,72,0.09993867496056472
84,92,0.11249649753180327
84,35,0.1309718490525
84,78,0.15085843981980954
84,45,0.1516805515545443
84,32,0.1518853223413344
85,85,0.0
85,110,2.819926272873568e-17
85,98,0.03228579194361815
85,48,0.03228579194361816
85,64,0.03228579194361816
85,74,0.03228579194361816
85,31,0.03352818224165375
85,37,0.03352818224165382
86,86,0.0
86,60,0.1107690489781579
86,61,0.1309115611552729
86,52,0.1443738291536421
86,35,0.1809352199761263
86,40,0.1897092255134574
86,72,0.1948640682947199
86,95,0.19720976505352697
87,87,0.0
87,41,0.15244687512453733
87,95,0.3035590273863305
87,66,0.31763966589856196
87,93,0.32206056795170374
87,23,0.32337598176460125
87,38,0.35969876799527534
87,14,0.3673047838197472
88,88,0.0
88,36,0.13989899204739564
88,63,0.14090510971130638
88,11,0.14450880970405802
88,13,0.14993142255006314
88,34,0.14993142255006323
88,71,0.15746165935765982
88,65,0.16085363803553393
89,89,0.0
89,31,0.09450944347099341
89,39,0.09450944347099352
89,37,0.09450944347099363
89,24,0.09450944347099366
89,85,0.09514274509528821
89,110,0.09514274509528821
89,48,0.09860325880324632
90,90,0.0
90,53,0.17786103869561398
90,55,0.18212451326749948
90,17,0.18575781383005882
90,49,0.20673966175774458
90,56,0.21688456256978195
90,48,0.2192552561146973
90,64,0.2192552561146973
91,91,0.0
91,76,0.1479402600178244
91,78,0.152541802804698
91,95,0.2278851049140628
91,84,0.24197414944382536
91,32,0.2572234725030951
91,69,0.2586381802628546
91,111,0.2588224716374698
92,92,0.0
92,72,0.11027204855133123
92,84,0.11249649753180327
92,35,0.13972655336727383
92,65,0.14591532717360411
92,11,0.14730745105993165
92,42,0.15027853270288438
92,26,0.1517828944661904
93,93,0.0
93,70,0.11080200408271684
93,13,0.12018531340168238
93,34,0.12018531340168238
93,56,0.125665767196293
93,63,0.12692623710440376
93,26,0.12712841374336117
93,20,0.1275646623150929
94,94,0.0
94,83,0.0
94,99,4.757065991401635e-17
94,12,0.06294694908308106
94,19,0.06294694908308111
94,21,0.09593853430903523
94,54,0.15512482814526166
94,10,0.1827435783738203
95,95,0.0
95,78,0.15119935686240163
95,69,0.15667992838522452
95,93,0.17375182846821882
95,52,0.17446554608959822
95,92,0.18690978778062567
95,26,0.18733767674640686
95,72,0.1907232530283067
96,96,0.0
96,51,0.20204671631559173
96,40,0.20581689591755986
96,100,0.21153265086931997
96,57,0.21153265086932002
96,26,0.21843268497918453
96,52,0.2275662985364364
96,49,0.2362237805492177
97,97,0.0
97,43,1.4288057044435644e-16
97,29,2.0280690662504545e-16
97,82,0.11938085508769199
97,16,0.21123397189404244
97,44,0.23171938045632237
97,7,0.24292514564637158
97,70,0.244216986879295
98,98,0.0
98,48,1.5993360207877823e-17
98,64,1.5993360207877823e-17
98,74,1.5993360207877823e-17
98,85,0.03228579194361815
98,110,0.032285791943618164
98,37,0.03292154060277856
98,39,0.032921540602778604
99,99,0.0
99,83,4.757065991401635e-17
99,94,4.757065991401635e-17
99,12,0.06294694908308109
99,19,0.06294694908308114
99,21,0.09593853430903526
99,54,0.15512482814526166
99,10,0.1827435783738203
100,100,0.0
100,57,8.15873481018251e-17
100,33,0.09593853430903528
100,67,0.1425971740578491
100,30,0.14933819077935379
100,40,0.17436761602570877
100,27,0.17840348858888044
100,96,0.21153265086931997
101,101,0.0
101,42,0.11441801244203528
101,106,0.11443912461351398
101,78,0.1419107980731448
101,73,0.14462752986239719
101,111,0.1492495658537034
101,45,0.15400121190403565
101,84,0.16902235236504617
102,102,0.0
102,110,0.10620135428674697
102,85,0.106201354286747
102,98,0.11619111702453574
102,48,0.11619111702453576
102,64,0.11619111702453576
102,74,0.11619111702453576
102,31,0.12292364718634703
103,103,0.0
103,108,0.18363087553660823
103,110,0.19067470530534128
103,85,0.1906747053053413
103,32,0.19354240940519118
103,17,0.19790392045583913
103,102,0.2025012962059912
103,80,0.20530795910978109
104,104,0.0
104,112,0.14611954349702036
104,17,0.16975604363431648
104,90,0.22033225510460383
104,53,0.22981041775802213
104,55,0.2471997237403759
104,28,0.2582249189226745
104,22,0.2613604315195281
105,105,0.0
105,90,0.3225956795538791
105,75,0.3268615021143796
105,112,0.4044678674548851
105,49,0.44454932899487204
105,52,0.4502558437074321
105,55,0.458092927255666
105,53,0.4615700663742631
106,106,0.0
106,73,0.07571725352408981
106,80,0.08511509158050821
106,101,0.11443912461351398
106,25,0.1502489829705818
106,70,0.15034903795952473
106,7,0.161506654244153
106,42,0.16435771475766034
107,107,0.0
107,45,0.1534314589215303
107,81,0.16196212727916715
107,42,0.1625245660576951
107,72,0.1770206383917355
107,65,0.17741188060506075
107,49,0.18183367658920377
107,55,0.18196062213308883
108,108,0.0
108,110,0.07976595461206755
108,85,0.07976595461206756
108,77,0.09362060152933746
108,31,0.09587495572082513
108,37,0.09587495572082524
108,39,0.0958749557208253
108,24,0.09587495572082541
109,109,0.0
109,14,0.1061974787160677
109,58,0.15663503733439804
109,38,0.17615376791236012
109,46,0.1945053715853484
109,62,0.1946847981538374
109,47,0.19531436507405162
109,25,0.21003831709696866
110,110,0.0
110,85,2.819926272873568e-17
110,48,0.032285791943618164
110,64,0.032285791943618164
110,74,0.032285791943618164
110,98,0.032285791943618164
110,31,0.03352818224165378
110,37,0.033528182241653846
111,111,0.0
111,101,0.1492495658537034
111,78,0.2001536375877874
111,7,0.21494666794610387
111,66,0.22391955914417935
111,106,0.2323819925723064
111,42,0.24883203010397106
111,73,0.2529363886548603
112,112,0.0
112,104,0.14611954349702036
112,90,0.2444656859399952
112,17,0.28580835474014143
112,53,0.32506851088000155
112,55,0.3400665055762087
112,18,0.3562156966570008
112,28,0.36251717466497285
